Latitude: 37.774900
Longitude: -122.419400
